2 0.497917 0.718981 0.032813 0.037963
2 0.537240 0.701852 0.034375 0.027778
1 0.796878 0.084662 0.034224 0.134917
0 0.010789 0.845245 0.020089 0.100528
0 0.051714 0.842597 0.026042 0.079361
0 0.101193 0.859792 0.029760 0.060843
0 0.290924 0.886912 0.025297 0.035713
0 0.242555 0.886912 0.023807 0.038361
0 0.194945 0.877648 0.026786 0.043648
0 0.672245 0.708338 0.046875 0.054231
0 0.621651 0.691801 0.024552 0.031750
0 0.576635 0.699079 0.029760 0.054231
0 0.443823 0.716935 0.045385 0.037037
1 0.811013 0.154102 0.016370 0.046296
1 0.792039 0.154759 0.018599 0.052907
1 0.781253 0.985458 0.014880 0.023806
