0 0.602344 0.692708 0.092188 0.085417
0 0.723437 0.772917 0.106250 0.091667
0 0.796094 0.592708 0.073438 0.085417
0 0.877344 0.706250 0.114062 0.112500
0 0.960938 0.735417 0.062500 0.062500
0 0.357031 0.269792 0.050000 0.052083
0 0.423438 0.265625 0.050000 0.072917
0 0.510156 0.262500 0.073438 0.079167
0 0.810937 0.296875 0.065625 0.064583
0 0.460156 0.396875 0.048438 0.081250
0 0.504687 0.406250 0.065625 0.058333
0 0.389062 0.390625 0.040625 0.052083
0 0.435937 0.410417 0.037500 0.054167
0 0.289062 0.397917 0.040625 0.062500
0 0.333594 0.401042 0.059375 0.085417
0 0.196094 0.404167 0.029687 0.050000
0 0.244531 0.418750 0.042188 0.062500
0 0.157812 0.400000 0.031250 0.037500
0 0.120313 0.597917 0.037500 0.033333
0 0.396484 0.950531 0.039062 0.065104
0 0.090336 0.572927 0.024422 0.033854
0 0.608898 0.257823 0.036141 0.039062
0 0.062023 0.578781 0.020516 0.032563
0 0.424320 0.620437 0.040047 0.045583
